Timestamp	GPU Usage Percentage	GPU Total Mem Usage	GPU Total Mem Usage Percentage	Process Mem Usage
1626527515.159993	0	1734	21.73	
1626527515.1843443	0	1734	21.73	
1626527515.2105904	0	1734	21.73	
1626527515.2384686	0	1734	21.73	
1626527515.266525	0	1734	21.73	
1626527515.2941854	0	1734	21.73	
1626527515.3232663	0	1734	21.73	
1626527515.3513288	0	1734	21.73	
1626527515.3790774	0	1734	21.73	
1626527515.4071455	0	1734	21.73	
1626527515.4355152	0	1734	21.73	
1626527515.463177	0	1734	21.73	
1626527515.4911728	0	1734	21.73	
1626527515.5156686	0	1734	21.73	
1626527515.5404093	0	1734	21.73	
1626527515.5668259	0	1734	21.73	
1626527515.5915947	0	1734	21.73	
1626527515.6195533	0	1734	21.73	
1626527515.6500976	0	1734	21.73	
1626527515.6848311	0	1734	21.73	
1626527515.7241135	0	1734	21.73	
1626527515.765343	0	1734	21.73	
1626527515.7903903	0	1734	21.73	
1626527515.8151515	0	1734	21.73	
1626527515.8393712	0	1734	21.73	
1626527515.8633094	0	1734	21.73	
1626527515.8874726	0	1734	21.73	
1626527515.9118872	0	1734	21.73	
1626527515.9372275	0	1734	21.73	
1626527515.9626167	0	1734	21.73	
1626527515.9883611	0	1734	21.73	
1626527516.01354	0	1734	21.73	
1626527516.0398018	0	1734	21.73	
1626527516.065889	0	1734	21.73	
1626527516.0919805	0	1734	21.73	
1626527516.118116	0	1734	21.73	
1626527516.1439562	0	1734	21.73	
1626527516.1703153	0	1734	21.73	
1626527516.196903	0	1734	21.73	
1626527516.2238562	0	1734	21.73	
1626527516.2506135	0	1734	21.73	
1626527516.2771454	0	1734	21.73	
1626527516.3033922	0	1734	21.73	
1626527516.3299003	0	1734	21.73	
1626527516.3568444	0	1734	21.73	
1626527516.3837612	0	1734	21.73	
1626527516.4104059	0	1734	21.73	
1626527516.4372509	0	1734	21.73	
1626527516.4638374	0	1734	21.73	
1626527516.4914877	0	1734	21.73	
1626527516.5182781	0	1734	21.73	
1626527516.5444531	0	1734	21.73	
1626527516.5712721	0	1734	21.73	
1626527516.5978868	0	1734	21.73	
1626527516.6248505	0	1734	21.73	
1626527516.6518712	0	1734	21.73	
1626527516.6779943	0	1734	21.73	
1626527516.7047775	0	1734	21.73	
1626527516.7315378	0	1734	21.73	
1626527516.7584455	0	1734	21.73	
1626527516.785388	0	1734	21.73	
1626527516.8115833	0	1734	21.73	
1626527516.8383615	0	1734	21.73	
1626527516.8652322	0	1734	21.73	
1626527516.892021	0	1734	21.73	
1626527516.9189165	0	1734	21.73	
1626527516.945381	0	1734	21.73	
1626527516.9700007	0	1734	21.73	
1626527516.9979773	0	1734	21.73	
1626527517.0262744	0	1734	21.73	
1626527517.0655842	0	1734	21.73	
1626527517.105441	0	1734	21.73	
1626527517.1451254	0	1734	21.73	
1626527517.184476	0	1734	21.73	
1626527517.2241585	0	1734	21.73	
1626527517.263109	0	1734	21.73	
1626527517.29684	0	1734	21.73	
1626527517.330636	0	1734	21.73	
1626527517.3622172	0	1734	21.73	
1626527517.3867261	0	1734	21.73	
1626527517.4120498	0	1734	21.73	
1626527517.4387572	0	1734	21.73	
1626527517.4657762	0	1734	21.73	
1626527517.4907002	0	1734	21.73	
1626527517.5174577	0	1734	21.73	
1626527517.5457656	0	1734	21.73	
1626527517.5847805	0	1734	21.73	
1626527517.624371	0	1734	21.73	
1626527517.6637738	0	1734	21.73	
1626527517.7028096	0	1734	21.73	
1626527517.736773	0	1734	21.73	
1626527517.760604	0	1734	21.73	
1626527517.7851884	0	1734	21.73	
1626527517.8093297	0	1734	21.73	
1626527517.8337414	0	1734	21.73	
1626527517.858112	0	1734	21.73	
1626527517.8829365	0	1734	21.73	
1626527517.9080255	0	1734	21.73	
1626527517.9322388	0	1734	21.73	
1626527517.957431	0	1734	21.73	
1626527517.981764	0	1734	21.73	
1626527518.006687	0	1734	21.73	
1626527518.0310812	0	1734	21.73	
1626527518.055795	0	1734	21.73	
1626527518.080037	0	1734	21.73	
1626527518.1044002	0	1734	21.73	
1626527518.128463	0	1734	21.73	
1626527518.152865	0	1734	21.73	
1626527518.1769679	0	1734	21.73	
1626527518.2011578	0	1734	21.73	
1626527518.2250664	0	1734	21.73	
1626527518.2491724	0	1734	21.73	
1626527518.2734413	0	1734	21.73	
1626527518.298083	0	1736	21.76	
1626527518.3223746	0	1736	21.76	
1626527518.3467364	0	1736	21.76	
1626527518.3708122	0	1736	21.76	
1626527518.3946726	0	1736	21.76	
1626527518.4185455	0	1736	21.76	
1626527518.4425485	0	1736	21.76	
1626527518.4664395	0	1736	21.76	
1626527518.4905705	0	1736	21.76	
1626527518.5155876	0	1736	21.76	
1626527518.5398238	0	1736	21.76	
1626527518.56389	0	1736	21.76	
1626527518.5877414	0	1736	21.76	
1626527518.6115901	0	1736	21.76	
1626527518.6353822	0	1736	21.76	
1626527518.6594715	0	1736	21.76	
1626527518.6834207	0	1736	21.76	
1626527518.7075534	0	1736	21.76	
1626527518.7319074	0	1736	21.76	
1626527518.7570097	0	1736	21.76	
1626527518.7818077	0	1736	21.76	
1626527518.8070006	0	1736	21.76	
1626527518.8317964	0	1736	21.76	
1626527518.8560567	0	1736	21.76	
1626527518.8797793	0	1736	21.76	
1626527518.9039524	0	1736	21.76	
1626527518.9274411	0	1736	21.76	
1626527518.9513314	0	1736	21.76	
1626527518.9751039	0	1736	21.76	
1626527518.9990106	0	1736	21.76	
1626527519.0239522	0	1736	21.76	
1626527519.0478787	0	1736	21.76	
1626527519.0719042	0	1736	21.76	
1626527519.0954962	0	1736	21.76	
1626527519.1213667	0	1736	21.76	
1626527519.145062	0	1736	21.76	
1626527519.1717935	0	1736	21.76	
1626527519.1953423	0	1736	21.76	
1626527519.219266	0	1736	21.76	
1626527519.243042	0	1736	21.76	
1626527519.2669654	0	1736	21.76	
1626527519.2916844	0	1736	21.76	
1626527519.315653	0	1736	21.76	
1626527519.3488119	0	1748	21.91	
1626527519.39473	0	1755	22.0	
1626527519.4186647	0	1863	23.35	
1626527519.4432294	0	1885	23.62	
1626527519.470525	0	1907	23.9	
1626527519.494282	0	1927	24.15	
1626527519.5180624	0	1939	24.3	
1626527519.5421584	0	1945	24.38	
1626527519.567967	0	1961	24.58	
1626527519.5915766	0	1969	24.68	
1626527519.6158698	0	1991	24.95	
1626527519.6397028	0	1999	25.05	
1626527519.6636217	0	2011	25.2	
1626527519.6897745	0	2037	25.53	
1626527519.715084	0	2051	25.7	
1626527519.7386587	0	2065	25.88	
1626527519.7625124	0	2077	26.03	
1626527519.7871764	5	2089	26.18	
1626527519.812124	5	2101	26.33	
1626527519.835813	5	2111	26.46	
1626527519.8594286	5	2125	26.63	
1626527519.8832338	5	2133	26.73	
1626527519.9082513	5	2149	26.93	
1626527519.9333389	5	2163	27.11	
1626527519.9569244	5	2173	27.23	
1626527519.9814975	5	2185	27.38	
1626527520.0055947	5	2199	27.56	
1626527520.0311887	5	2211	27.71	
1626527520.0552669	5	2229	27.94	
1626527520.0790312	5	2239	28.06	
1626527520.102887	5	2249	28.19	
1626527520.1269689	5	2263	28.36	
1626527520.152713	5	2269	28.44	
1626527520.1772156	5	2285	28.64	
1626527520.2011037	5	2301	28.84	
1626527520.2249367	5	2309	28.94	
1626527520.2490919	5	2325	29.14	
1626527520.2749248	5	2343	29.36	
1626527520.2986703	5	2359	29.57	
1626527520.3224366	5	2371	29.72	
1626527520.3463452	5	2383	29.87	
1626527520.3709097	5	2395	30.02	
1626527520.396733	5	2407	30.17	
1626527520.4207616	5	2417	30.29	
1626527520.444359	5	2421	30.34	
1626527520.4681275	5	2431	30.47	
1626527520.4940095	5	2443	30.62	
1626527520.5186245	5	2457	30.79	
1626527520.5428524	5	2471	30.97	
1626527520.5666037	5	2483	31.12	
1626527520.5904305	5	2497	31.29	
1626527520.6160479	5	2509	31.45	
1626527520.639855	5	2517	31.55	
1626527520.6632442	5	2545	31.9	
1626527520.6866539	5	2545	31.9	
1626527520.709877	5	2545	31.9	
1626527520.7354155	5	2569	32.2	
1626527520.760487	5	2579	32.32	
1626527520.7888446	5	2591	32.47	
1626527520.8130484	9	2601	32.6	
1626527520.8384044	9	2611	32.72	
1626527520.8622847	9	2621	32.85	
1626527520.8863153	9	3219	40.34	
1626527520.9098155	9	3263	40.89	
1626527520.933206	9	3263	40.89	
1626527520.9586666	9	3263	40.89	
1626527520.9846916	9	3263	40.89	
1626527521.0265946	9	3263	40.89	
1626527521.0748944	9	3263	40.89	
1626527521.0984435	9	3263	40.89	
1626527521.1238544	9	3055	38.29	
1626527521.1481624	9	2665	33.4	
1626527521.1714792	9	2583	32.37	
1626527521.1948469	9	2583	32.37	
1626527521.2178304	9	2583	32.37	
1626527521.2415545	9	2583	32.37	
1626527521.2662854	9	2583	32.37	
1626527521.2899232	9	2583	32.37	
1626527521.312774	9	2583	32.37	
1626527521.3356571	9	2583	32.37	
1626527521.3585486	9	2583	32.37	
1626527521.3817394	9	2583	32.37	
1626527521.4060872	9	2583	32.37	
1626527521.4288616	9	2583	32.37	
1626527521.4517128	9	2583	32.37	
1626527521.474672	9	2583	32.37	
1626527521.4977148	9	2583	32.37	
1626527521.5206559	9	2583	32.37	
1626527521.544582	9	2583	32.37	
1626527521.5689604	9	2583	32.37	
1626527521.592733	9	2583	32.37	
1626527521.6161833	9	2583	32.37	
1626527521.6399913	9	2583	32.37	
1626527521.6636162	9	2583	32.37	
1626527521.6886625	9	2583	32.37	
1626527521.7117138	9	2583	32.37	
1626527521.734663	9	2583	32.37	
1626527521.7577388	9	2583	32.37	
1626527521.7806737	9	2583	32.37	
1626527521.8035824	23	2583	32.37	
1626527521.8282082	23	2583	32.37	
1626527521.8515759	23	2583	32.37	
1626527521.8745234	23	2583	32.37	
1626527521.897465	23	2583	32.37	
1626527521.9203382	23	2583	32.37	
1626527521.9432685	23	2583	32.37	
1626527521.9666858	23	2583	32.37	
1626527521.9912035	23	2583	32.37	
1626527522.0140595	23	2583	32.37	
1626527522.0368638	23	2583	32.37	
1626527522.0596893	23	2583	32.37	
1626527522.0825431	23	2583	32.37	
1626527522.1054955	23	2583	32.37	
1626527522.1303165	23	2583	32.37	
1626527522.1538353	23	2583	32.37	
1626527522.1766927	23	2583	32.37	
1626527522.2005532	23	2583	32.37	
1626527522.223898	23	2583	32.37	
1626527522.2477481	23	2627	32.92	
1626527522.2729337	23	2647	33.17	
1626527522.3035522	23	2647	33.17	
1626527522.3281536	23	3225	40.42	
1626527522.353821	23	4511	56.54	
1626527522.378336	23	4511	56.54	
1626527522.4069297	23	4511	56.54	
1626527522.4434562	23	4511	56.54	
1626527522.4692373	23	4511	56.54	
1626527522.5054526	23	4511	56.54	
1626527522.5287786	23	4511	56.54	
1626527522.5518494	23	4511	56.54	
1626527522.5756872	23	4511	56.54	
1626527522.6004672	23	4511	56.54	
1626527522.647998	23	4511	56.54	
1626527522.6931784	23	4511	56.54	
1626527522.716722	23	4511	56.54	
1626527522.7403262	23	4511	56.54	
1626527522.765936	23	4511	56.54	
1626527522.792846	23	4511	56.54	
1626527522.8168516	23	4511	56.54	
1626527522.840068	47	4511	56.54	
1626527522.8632257	47	4511	56.54	
1626527522.888431	47	4511	56.54	
1626527522.916112	47	4511	56.54	
1626527522.939206	47	4511	56.54	
1626527522.9628153	47	4511	56.54	
1626527522.987194	47	4511	56.54	
1626527523.019891	47	4511	56.54	
1626527523.0434232	47	4511	56.54	
1626527523.0667331	47	4511	56.54	
1626527523.0920305	47	4511	56.54	
1626527523.1201928	47	2787	34.93	
1626527523.143859	47	2583	32.37	
1626527523.1670423	47	2583	32.37	
1626527523.1911895	47	2583	32.37	
1626527523.2157314	47	2583	32.37	
1626527523.2386367	47	2583	32.37	
1626527523.2620056	47	2583	32.37	
1626527523.2847948	47	2583	32.37	
1626527523.3076077	47	2583	32.37	
1626527523.3305273	47	2583	32.37	
1626527523.3550339	47	2583	32.37	
1626527523.3779533	47	2583	32.37	
1626527523.4022534	47	2583	32.37	
1626527523.4550211	47	2583	32.37	
1626527523.4926057	47	2583	32.37	
1626527523.517356	47	2583	32.37	
1626527523.5402691	47	2583	32.37	
1626527523.563216	47	2583	32.37	
1626527523.5867782	47	2583	32.37	
1626527523.6106489	47	2583	32.37	
1626527523.634295	47	2583	32.37	
1626527523.6598463	47	2583	32.37	
1626527523.6832497	47	2583	32.37	
1626527523.7063715	47	2583	32.37	
1626527523.7293057	47	2583	32.37	
1626527523.752182	47	2583	32.37	
1626527523.7752619	47	2583	32.37	
1626527523.8000154	47	2583	32.37	
1626527523.823449	47	2583	32.37	
1626527523.8463366	31	2583	32.37	
1626527523.869238	31	2583	32.37	
1626527523.8931336	31	2583	32.37	
1626527523.916011	31	2583	32.37	
1626527523.9406466	31	2583	32.37	
1626527523.9635608	31	2583	32.37	
1626527523.9864404	31	2583	32.37	
1626527524.0094526	31	2583	32.37	
1626527524.0322096	31	2583	32.37	
1626527524.054984	31	2583	32.37	
1626527524.0778685	31	2583	32.37	
1626527524.1025229	31	2583	32.37	
1626527524.1259866	31	2583	32.37	
1626527524.1491194	31	2583	32.37	
1626527524.172023	31	2583	32.37	
1626527524.1950462	31	2583	32.37	
1626527524.218484	31	2583	32.37	
1626527524.2437394	31	2583	32.37	
1626527524.2670753	31	2583	32.37	
1626527524.290714	31	2583	32.37	
1626527524.3140779	31	2583	32.37	
1626527524.3373954	31	2583	32.37	
1626527524.360884	31	2583	32.37	
1626527524.3862545	31	2621	32.85	
1626527524.4094927	31	2701	33.85	
1626527524.4382198	31	2701	33.85	
1626527524.4619648	31	2701	33.85	
1626527524.4887996	31	5419	67.92	
1626527524.5133414	31	7345	92.05	
1626527524.5365999	31	7415	92.93	
1626527524.5596743	31	7415	92.93	
1626527524.5825462	31	7415	92.93	
1626527524.608506	31	6571	82.35	
1626527524.6401145	31	7595	95.19	
1626527524.6635242	31	7595	95.19	
1626527524.6881838	31	7595	95.19	
1626527524.7168753	31	7595	95.19	
1626527524.7404563	31	7595	95.19	
1626527524.7639165	31	7595	95.19	
1626527524.7877727	31	7595	95.19	
1626527524.8124733	31	7595	95.19	
1626527524.8636737	31	7595	95.19	
1626527524.8883195	39	7595	95.19	
1626527524.916727	39	7595	95.19	
1626527524.960033	39	7595	95.19	
1626527524.9835627	39	7595	95.19	
1626527525.0067403	39	7595	95.19	
1626527525.029963	39	7595	95.19	
1626527525.0531008	39	7595	95.19	
1626527525.077386	39	7595	95.19	
1626527525.1051247	39	7595	95.19	
1626527525.1282427	39	7595	95.19	
1626527525.1514006	39	7595	95.19	
1626527525.175211	39	7595	95.19	
1626527525.2007272	39	7595	95.19	
1626527525.2289784	39	7595	95.19	
1626527525.2843628	39	7595	95.19	
1626527525.3200254	39	7595	95.19	
1626527525.3719256	39	7595	95.19	
1626527525.395731	39	7595	95.19	
1626527525.4193773	39	7595	95.19	
1626527525.4426854	39	7595	95.19	
1626527525.4668674	39	7595	95.19	
1626527525.4977074	39	7595	95.19	
1626527525.5209029	39	7595	95.19	
1626527525.5441263	39	7595	95.19	
1626527525.5675404	39	7595	95.19	
1626527525.5919154	39	7595	95.19	
1626527525.6180046	39	7595	95.19	
1626527525.6417532	39	7595	95.19	
1626527525.6649964	39	7595	95.19	
1626527525.6880114	39	7595	95.19	
1626527525.712442	39	7595	95.19	
1626527525.7425032	39	7595	95.19	
1626527525.7657855	39	7595	95.19	
1626527525.788908	39	7595	95.19	
1626527525.8126287	39	7595	95.19	
1626527525.840051	39	7595	95.19	
1626527525.8641932	39	7595	95.19	
1626527525.8873963	97	7595	95.19	
1626527525.9106598	97	7595	95.19	
1626527525.9337044	97	7595	95.19	
1626527525.95865	97	7595	95.19	
1626527525.9874327	97	7595	95.19	
1626527526.010464	97	7595	95.19	
1626527526.0336561	97	7595	95.19	
1626527526.0582917	97	7595	95.19	
1626527526.0885139	97	7595	95.19	
1626527526.111892	97	7595	95.19	
1626527526.1349478	97	7595	95.19	
1626527526.1581795	97	7595	95.19	
1626527526.1830442	97	7595	95.19	
1626527526.2109358	97	7595	95.19	
1626527526.233927	97	7595	95.19	
1626527526.2569668	97	7595	95.19	
1626527526.2809532	97	7595	95.19	
1626527526.3061652	97	7595	95.19	
1626527526.3340905	97	7595	95.19	
1626527526.357204	97	7595	95.19	
1626527526.3801928	97	7595	95.19	
1626527526.4041834	97	7595	95.19	
1626527526.4359438	97	7595	95.19	
1626527526.4592245	97	7595	95.19	
1626527526.4823806	97	7595	95.19	
1626527526.508106	97	7595	95.19	
1626527526.5373442	97	7595	95.19	
1626527526.5604985	97	7595	95.19	
1626527526.5837665	97	7595	95.19	
1626527526.6077669	97	7595	95.19	
1626527526.6329963	97	7595	95.19	
1626527526.6562061	97	7595	95.19	
1626527526.680077	97	7595	95.19	
1626527526.7032201	97	7595	95.19	
1626527526.7267556	97	6667	83.56	
1626527526.7519405	97	4863	60.95	
1626527526.7758977	97	3337	41.82	
1626527526.7996235	97	2937	36.81	
1626527526.8227696	97	2583	32.37	
1626527526.8457463	97	2583	32.37	
1626527526.8687065	97	2583	32.37	
1626527526.8938088	90	2583	32.37	
1626527526.9167519	90	2583	32.37	
1626527526.9396076	90	2583	32.37	
1626527526.9628255	90	2583	32.37	
1626527526.9857469	90	2583	32.37	
1626527527.0087569	90	2583	32.37	
1626527527.0330124	90	2583	32.37	
1626527527.056698	90	2583	32.37	
1626527527.0803406	90	2583	32.37	
1626527527.1032765	90	2583	32.37	
1626527527.1263916	90	2583	32.37	
1626527527.1493444	90	2583	32.37	
1626527527.1733105	90	2583	32.37	
1626527527.1979642	90	2583	32.37	
1626527527.2209136	90	2583	32.37	
1626527527.2442532	90	2583	32.37	
1626527527.268193	90	2583	32.37	
1626527527.3129692	90	2583	32.37	
1626527527.34247	90	2583	32.37	
1626527527.3895578	90	2583	32.37	
1626527527.4124594	90	2583	32.37	
1626527527.435358	90	2583	32.37	
1626527527.460137	90	2583	32.37	
1626527527.4840357	90	2583	32.37	
1626527527.5071316	90	2583	32.37	
1626527527.5300264	90	2583	32.37	
1626527527.55289	90	2583	32.37	
1626527527.5758345	90	2583	32.37	
1626527527.5992453	90	2583	32.37	
1626527527.6237006	90	2583	32.37	
1626527527.646545	90	2583	32.37	
1626527527.6695032	90	2583	32.37	
1626527527.6930969	90	2583	32.37	
1626527527.7158635	90	2583	32.37	
1626527527.7387106	90	2583	32.37	
1626527527.7644901	90	2583	32.37	
1626527527.7877195	90	2583	32.37	
1626527527.8110783	90	2611	32.72	
1626527527.83461	90	2611	32.72	
1626527527.8582268	90	2611	32.72	
1626527527.8831995	90	2611	32.72	
1626527527.9080255	1	3261	40.87	
1626527527.931634	1	3263	40.89	
1626527527.9553554	1	3263	40.89	
1626527527.978792	1	3263	40.89	
1626527528.0033143	1	3263	40.89	
1626527528.0285656	1	3263	40.89	
1626527528.0519419	1	3263	40.89	
1626527528.0754848	1	3263	40.89	
1626527528.0999982	1	3263	40.89	
1626527528.1252515	1	2665	33.4	
1626527528.1494236	1	2583	32.37	
1626527528.1726031	1	2583	32.37	
1626527528.1960566	1	2583	32.37	
1626527528.218927	1	2583	32.37	
1626527528.2419055	1	2583	32.37	
1626527528.2659802	1	2583	32.37	
1626527528.2903042	1	2583	32.37	
1626527528.3132093	1	2583	32.37	
1626527528.3359845	1	2583	32.37	
1626527528.358852	1	2583	32.37	
1626527528.382102	1	2583	32.37	
1626527528.4054549	1	2583	32.37	
1626527528.4299831	1	2583	32.37	
1626527528.4532626	1	2583	32.37	
1626527528.476433	1	2583	32.37	
1626527528.500413	1	2583	32.37	
1626527528.5233748	1	2583	32.37	
1626527528.5470905	1	2583	32.37	
1626527528.5718122	1	2583	32.37	
1626527528.5957296	1	2583	32.37	
1626527528.6194563	1	2583	32.37	
1626527528.643475	1	2583	32.37	
1626527528.668167	1	2583	32.37	
1626527528.6933937	1	2583	32.37	
1626527528.7163124	1	2583	32.37	
1626527528.7393992	1	2583	32.37	
1626527528.7623954	1	2583	32.37	
1626527528.7853546	1	2583	32.37	
1626527528.8091705	1	2583	32.37	
1626527528.8337297	1	2583	32.37	
1626527528.8565278	1	2583	32.37	
1626527528.879446	1	2583	32.37	
1626527528.9034393	20	2583	32.37	
1626527528.926431	20	2583	32.37	
1626527528.9503403	20	2583	32.37	
1626527528.974773	20	2583	32.37	
1626527528.9978797	20	2583	32.37	
1626527529.0208647	20	2583	32.37	
1626527529.0436957	20	2583	32.37	
1626527529.066579	20	2583	32.37	
1626527529.0898154	20	2583	32.37	
1626527529.1146297	20	2583	32.37	
1626527529.1380556	20	2583	32.37	
1626527529.1609821	20	2583	32.37	
1626527529.1843204	20	2611	32.72	
1626527529.2077687	20	2611	32.72	
1626527529.2339559	20	2611	32.72	
1626527529.2601423	20	3219	40.34	
1626527529.2851458	20	3263	40.89	
1626527529.3088415	20	3263	40.89	
1626527529.3356767	20	3263	40.89	
1626527529.3592215	20	3263	40.89	
1626527529.382705	20	3263	40.89	
1626527529.4082422	20	3263	40.89	
1626527529.431641	20	3263	40.89	
1626527529.4570565	20	3263	40.89	
1626527529.4810271	20	2739	34.33	
1626527529.5053198	20	2665	33.4	
1626527529.5285275	20	2583	32.37	
1626527529.5514042	20	2583	32.37	
1626527529.5751452	20	2583	32.37	
1626527529.5996912	20	2583	32.37	
1626527529.6225572	20	2583	32.37	
1626527529.645421	20	2583	32.37	
1626527529.6682403	20	2583	32.37	
1626527529.6910872	20	2583	32.37	
1626527529.7139633	20	2583	32.37	
1626527529.7386708	20	2583	32.37	
1626527529.7618587	20	2583	32.37	
1626527529.7847686	20	2583	32.37	
1626527529.8080754	20	2583	32.37	
1626527529.8307984	20	2583	32.37	
1626527529.853833	20	2583	32.37	
1626527529.8774443	20	2583	32.37	
1626527529.9026575	20	2583	32.37	
1626527529.925611	21	2583	32.37	
1626527529.949013	21	2583	32.37	
1626527529.972763	21	2583	32.37	
1626527529.9964616	21	2583	32.37	
1626527530.0221345	21	2583	32.37	
1626527530.045457	21	2583	32.37	
1626527530.0684466	21	2583	32.37	
1626527530.0914443	21	2583	32.37	
1626527530.1144304	21	2583	32.37	
1626527530.1373065	21	2583	32.37	
1626527530.162199	21	2583	32.37	
1626527530.1850953	21	2583	32.37	
1626527530.2078884	21	2583	32.37	
1626527530.2307265	21	2583	32.37	
1626527530.2536135	21	2583	32.37	
1626527530.2765234	21	2583	32.37	
1626527530.29999	21	2583	32.37	
1626527530.324974	21	2583	32.37	
1626527530.3477829	21	2583	32.37	
1626527530.3706636	21	2583	32.37	
1626527530.3941681	21	2583	32.37	
1626527530.417214	21	2583	32.37	
1626527530.4399352	21	2583	32.37	
1626527530.4647255	21	2583	32.37	
1626527530.4883308	21	2583	32.37	
1626527530.5119383	21	2583	32.37	
1626527530.534826	21	2583	32.37	
1626527530.558077	21	2583	32.37	
1626527530.5818126	21	2583	32.37	
1626527530.6074884	21	2627	32.92	
1626527530.630959	21	2647	33.17	
1626527530.6607132	21	2647	33.17	
1626527530.6873586	21	3371	42.25	
1626527530.7210221	21	4511	56.54	
1626527530.7450879	21	4511	56.54	
1626527530.775936	21	4511	56.54	
1626527530.7992828	21	4511	56.54	
1626527530.8230138	21	4511	56.54	
1626527530.8476682	21	4511	56.54	
1626527530.8778777	21	4511	56.54	
1626527530.9010868	21	4511	56.54	
1626527530.9505546	25	4511	56.54	
1626527530.990923	25	4511	56.54	
1626527531.0178235	25	4511	56.54	
1626527531.0419936	25	4511	56.54	
1626527531.065136	25	4511	56.54	
1626527531.0887005	25	4511	56.54	
1626527531.1136246	25	4511	56.54	
1626527531.1589093	25	4511	56.54	
1626527531.21148	25	4511	56.54	
1626527531.2365427	25	4511	56.54	
1626527531.2659814	25	4511	56.54	
1626527531.2891521	25	4511	56.54	
1626527531.3126152	25	4511	56.54	
1626527531.3364089	25	4511	56.54	
1626527531.361175	25	4511	56.54	
1626527531.3888521	25	4511	56.54	
1626527531.412476	25	4511	56.54	
1626527531.435882	25	4511	56.54	
1626527531.4592016	25	4511	56.54	
1626527531.4845448	25	2787	34.93	
1626527531.5080266	25	2583	32.37	
1626527531.5311823	25	2583	32.37	
1626527531.5543058	25	2583	32.37	
1626527531.5774496	25	2583	32.37	
1626527531.6002355	25	2583	32.37	
1626527531.6251235	25	2583	32.37	
1626527531.6479065	25	2583	32.37	
1626527531.6708164	25	2583	32.37	
1626527531.693621	25	2583	32.37	
1626527531.7163575	25	2583	32.37	
1626527531.73919	25	2583	32.37	
1626527531.762463	25	2583	32.37	
1626527531.787185	25	2583	32.37	
1626527531.81021	25	2583	32.37	
1626527531.8329718	25	2583	32.37	
1626527531.8557844	25	2583	32.37	
1626527531.8786817	25	2583	32.37	
1626527531.9016433	25	2583	32.37	
1626527531.9264271	25	2583	32.37	
1626527531.9749224	53	2583	32.37	
1626527532.002311	53	2583	32.37	
1626527532.0335085	53	2583	32.37	
1626527532.0566208	53	2583	32.37	
1626527532.0794778	53	2583	32.37	
1626527532.1025434	53	2583	32.37	
1626527532.1259665	53	2583	32.37	
1626527532.1664734	53	2583	32.37	
1626527532.2106218	53	2583	32.37	
1626527532.235158	53	2583	32.37	
1626527532.2581177	53	2583	32.37	
1626527532.2809408	53	2583	32.37	
1626527532.303797	53	2583	32.37	
1626527532.3268147	53	2583	32.37	
1626527532.3497763	53	2583	32.37	
1626527532.3733528	53	2583	32.37	
1626527532.3981385	53	2583	32.37	
1626527532.4209883	53	2583	32.37	
1626527532.4448543	53	2583	32.37	
1626527532.4677575	53	2583	32.37	
1626527532.4916217	53	2583	32.37	
1626527532.515999	53	2583	32.37	
1626527532.5405128	53	2583	32.37	
1626527532.5637865	53	2583	32.37	
1626527532.5870473	53	2583	32.37	
1626527532.6103349	53	2583	32.37	
1626527532.633565	53	2583	32.37	
1626527532.658741	53	2583	32.37	
1626527532.6823595	53	2583	32.37	
1626527532.7057765	53	2583	32.37	
1626527532.7295861	53	2661	33.35	
1626527532.752949	53	2701	33.85	
1626527532.7773442	53	2701	33.85	
1626527532.8018703	53	2701	33.85	
1626527532.8270044	53	5355	67.11	
1626527532.8514357	53	7345	92.05	
1626527532.874911	53	7415	92.93	
1626527532.8998997	53	7415	92.93	
1626527532.9293654	53	7415	92.93	
1626527532.9675224	15	7009	87.84	
1626527532.9911327	15	7595	95.19	
1626527533.0143886	15	7595	95.19	
1626527533.037892	15	7595	95.19	
1626527533.0625453	15	7595	95.19	
1626527533.0919569	15	7595	95.19	
1626527533.1153357	15	7595	95.19	
1626527533.1385162	15	7595	95.19	
1626527533.1815698	15	7595	95.19	
1626527533.210767	15	7595	95.19	
1626527533.2654238	15	7595	95.19	
1626527533.2909296	15	7595	95.19	
1626527533.3157613	15	7595	95.19	
1626527533.3390098	15	7595	95.19	
1626527533.362012	15	7595	95.19	
1626527533.3851702	15	7595	95.19	
1626527533.4089777	15	7595	95.19	
1626527533.433455	15	7595	95.19	
1626527533.4580076	15	7595	95.19	
1626527533.4819906	15	7595	95.19	
1626527533.5052392	15	7595	95.19	
1626527533.528944	15	7595	95.19	
1626527533.5552175	15	7595	95.19	
1626527533.583237	15	7595	95.19	
1626527533.6065438	15	7595	95.19	
1626527533.6297119	15	7595	95.19	
1626527533.653196	15	7595	95.19	
1626527533.6780808	15	7595	95.19	
1626527533.7061713	15	7595	95.19	
1626527533.7295623	15	7595	95.19	
1626527533.7533636	15	7595	95.19	
1626527533.7784007	15	7595	95.19	
1626527533.8064313	15	7595	95.19	
1626527533.8296468	15	7595	95.19	
1626527533.8527527	15	7595	95.19	
1626527533.8759546	15	7595	95.19	
1626527533.9003718	15	7595	95.19	
1626527533.929334	15	7595	95.19	
1626527533.9527516	15	7595	95.19	
1626527533.9764514	96	7595	95.19	
1626527534.0008287	96	7595	95.19	
1626527534.0303378	96	7595	95.19	
1626527534.0535223	96	7595	95.19	
1626527534.07676	96	7595	95.19	
1626527534.100002	96	7595	95.19	
1626527534.1246672	96	7595	95.19	
1626527534.1501184	96	7595	95.19	
1626527534.174578	96	7595	95.19	
1626527534.1985447	96	7595	95.19	
1626527534.2222643	96	7595	95.19	
1626527534.247194	96	7595	95.19	
1626527534.2704742	96	7595	95.19	
1626527534.2957537	96	7595	95.19	
1626527534.3188093	96	7595	95.19	
1626527534.3420362	96	7595	95.19	
1626527534.3654633	96	7595	95.19	
1626527534.390335	96	7595	95.19	
1626527534.4149034	96	7595	95.19	
1626527534.438596	96	7595	95.19	
1626527534.4618106	96	7595	95.19	
1626527534.4850912	96	7595	95.19	
1626527534.5082748	96	7595	95.19	
1626527534.5335865	96	7595	95.19	
1626527534.5573664	96	7595	95.19	
1626527534.5827796	96	7595	95.19	
1626527534.6059377	96	7595	95.19	
1626527534.6303678	96	7595	95.19	
1626527534.655604	96	7595	95.19	
1626527534.6836908	96	7595	95.19	
1626527534.7068348	96	7595	95.19	
1626527534.7299743	96	7595	95.19	
1626527534.753804	96	7595	95.19	
1626527534.779172	96	7595	95.19	
1626527534.8064024	96	7595	95.19	
1626527534.8295748	96	7595	95.19	
1626527534.8534188	96	7595	95.19	
1626527534.8789563	96	7595	95.19	
1626527534.907515	96	7595	95.19	
1626527534.9306679	96	7595	95.19	
1626527534.9538484	96	7595	95.19	
1626527534.977237	96	7595	95.19	
1626527535.0021703	98	7595	95.19	
1626527535.0310438	98	7595	95.19	
1626527535.0544636	98	7515	94.18	
1626527535.0780795	98	6347	79.55	
1626527535.1045742	98	4443	55.68	
1626527535.1292255	98	3337	41.82	
1626527535.152805	98	2611	32.72	
1626527535.175951	98	2583	32.37	
1626527535.1988435	98	2583	32.37	
1626527535.2230518	98	2583	32.37	
1626527535.246878	98	2583	32.37	
1626527535.2698076	98	2583	32.37	
1626527535.2928615	98	2583	32.37	
1626527535.315749	98	2583	32.37	
1626527535.3386226	98	2583	32.37	
1626527535.3617404	98	2583	32.37	
1626527535.386428	98	2583	32.37	
1626527535.4092875	98	2583	32.37	
1626527535.4320674	98	2583	32.37	
1626527535.4548771	98	2583	32.37	
1626527535.4778435	98	2583	32.37	
1626527535.500656	98	2583	32.37	
1626527535.5246623	98	2583	32.37	
1626527535.5494304	98	2583	32.37	
1626527535.5723474	98	2583	32.37	
1626527535.6216502	98	2583	32.37	
1626527535.6626024	98	2583	32.37	
1626527535.6860685	98	2583	32.37	
1626527535.7107124	98	2583	32.37	
1626527535.7336566	98	2583	32.37	
1626527535.7572045	98	2583	32.37	
1626527535.7801087	98	2583	32.37	
1626527535.8028862	98	2583	32.37	
1626527535.8258615	98	2583	32.37	
1626527535.850564	98	2583	32.37	
1626527535.8735392	98	2583	32.37	
1626527535.8963833	98	2583	32.37	
1626527535.919264	98	2583	32.37	
1626527535.9422965	98	2583	32.37	
1626527535.966545	98	2583	32.37	
1626527535.991823	98	2583	32.37	
1626527536.015006	15	2583	32.37	
1626527536.037938	15	2583	32.37	
1626527536.0608134	15	2583	32.37	
1626527536.083662	15	2583	32.37	
1626527536.1066806	15	2583	32.37	
1626527536.1316051	15	2583	32.37	
1626527536.1558633	15	2583	32.37	
1626527536.1791735	15	2611	32.72	
1626527536.2026787	15	2611	32.72	
1626527536.2274363	15	2611	32.72	
1626527536.2536533	15	3115	39.04	
1626527536.277819	15	3261	40.87	
1626527536.301372	15	3263	40.89	
1626527536.326426	15	3263	40.89	
1626527536.3504407	15	3263	40.89	
1626527536.3758962	15	3263	40.89	
1626527536.399513	15	3263	40.89	
1626527536.4230638	15	3263	40.89	
1626527536.4464822	15	3263	40.89	
1626527536.4714518	15	3263	40.89	
1626527536.4969234	15	2665	33.4	
1626527536.5205872	15	2583	32.37	
1626527536.543718	15	2583	32.37	
1626527536.5667214	15	2583	32.37	
1626527536.589741	15	2583	32.37	
1626527536.6126285	15	2583	32.37	
1626527536.6371782	15	2583	32.37	
1626527536.6601357	15	2583	32.37	
1626527536.6830826	15	2583	32.37	
1626527536.7060997	15	2583	32.37	
1626527536.7292013	15	2583	32.37	
1626527536.7521253	15	2583	32.37	
1626527536.7760415	15	2583	32.37	
1626527536.801689	15	2583	32.37	
1626527536.8246586	15	2583	32.37	
1626527536.847539	15	2583	32.37	
1626527536.8706841	15	2583	32.37	
1626527536.893728	15	2583	32.37	
1626527536.9177403	15	2583	32.37	
1626527536.9420025	15	2583	32.37	
1626527536.9659953	15	2583	32.37	
1626527536.9900076	15	2583	32.37	
1626527537.0140202	21	2583	32.37	
1626527537.0394557	21	2583	32.37	
1626527537.0629764	21	2583	32.37	
1626527537.0860875	21	2583	32.37	
1626527537.1092339	21	2583	32.37	
1626527537.1323526	21	2583	32.37	
1626527537.1557927	21	2583	32.37	
1626527537.1801713	21	2583	32.37	
1626527537.2082372	21	2583	32.37	
1626527537.2311723	21	2583	32.37	
1626527537.254138	21	2583	32.37	
1626527537.2771902	21	2583	32.37	
1626527537.3012562	21	2583	32.37	
1626527537.3254066	21	2583	32.37	
1626527537.3482587	21	2583	32.37	
1626527537.3711956	21	2583	32.37	
1626527537.394446	21	2583	32.37	
1626527537.4174752	21	2583	32.37	
1626527537.4411583	21	2583	32.37	
1626527537.4659915	21	2583	32.37	
1626527537.489182	21	2583	32.37	
1626527537.5133383	21	2583	32.37	
1626527537.536287	21	2583	32.37	
1626527537.5599978	21	2611	32.72	
1626527537.5853415	21	2611	32.72	
1626527537.6104374	21	2611	32.72	
1626527537.6361644	21	3135	39.29	
1626527537.6603866	21	3261	40.87	
1626527537.6854336	21	3263	40.89	
1626527537.7089677	21	3263	40.89	
1626527537.7323961	21	3263	40.89	
1626527537.755832	21	3263	40.89	
1626527537.7793021	21	3263	40.89	
1626527537.8036268	21	3263	40.89	
1626527537.828704	21	3263	40.89	
1626527537.852177	21	3263	40.89	
1626527537.875864	21	2665	33.4	
1626527537.8995495	21	2583	32.37	
1626527537.9226453	21	2583	32.37	
1626527537.9472	21	2583	32.37	
1626527537.970682	21	2583	32.37	
1626527537.993684	21	2583	32.37	
1626527538.016746	21	2583	32.37	
1626527538.0395231	21	2583	32.37	
1626527538.0622766	21	2583	32.37	
1626527538.0850596	21	2583	32.37	
1626527538.1095555	21	2583	32.37	
1626527538.1323445	21	2583	32.37	
1626527538.1551569	21	2583	32.37	
1626527538.177985	21	2583	32.37	
1626527538.2008362	21	2583	32.37	
1626527538.2236676	21	2583	32.37	
1626527538.246406	21	2583	32.37	
1626527538.2709782	21	2583	32.37	
1626527538.2938082	21	2583	32.37	
1626527538.316566	21	2583	32.37	
1626527538.340329	21	2583	32.37	
1626527538.3643978	21	2583	32.37	
1626527538.3883996	21	2583	32.37	
1626527538.4142118	21	2583	32.37	
1626527538.4375434	21	2583	32.37	
1626527538.4605424	21	2583	32.37	
1626527538.4834914	21	2583	32.37	
1626527538.5066106	21	2583	32.37	
1626527538.5307913	21	2583	32.37	
1626527538.5549197	21	2583	32.37	
1626527538.5778072	21	2583	32.37	
1626527538.600576	21	2583	32.37	
1626527538.6236746	21	2583	32.37	
1626527538.646473	21	2583	32.37	
1626527538.6695669	21	2583	32.37	
1626527538.6943283	21	2583	32.37	
1626527538.7171133	21	2583	32.37	
1626527538.7398093	21	2583	32.37	
1626527538.7627215	21	2583	32.37	
1626527538.7856014	21	2583	32.37	
1626527538.8083563	21	2583	32.37	
1626527538.8321228	21	2583	32.37	
1626527538.85666	21	2583	32.37	
1626527538.880226	21	2583	32.37	
1626527538.90314	21	2583	32.37	
1626527538.9259827	21	2583	32.37	
1626527538.948773	21	2583	32.37	
1626527538.971991	21	2583	32.37	
1626527538.996945	21	2647	33.17	
1626527539.0204177	21	2647	33.17	
1626527539.0437803	1	2647	33.17	
1626527539.0687828	1	2647	33.17	
1626527539.0927749	1	4511	56.54	
1626527539.118087	1	4511	56.54	
1626527539.1463792	1	4511	56.54	
1626527539.169841	1	4511	56.54	
1626527539.1931558	1	4511	56.54	
1626527539.2176	1	4511	56.54	
1626527539.2485855	1	4511	56.54	
1626527539.2719173	1	4511	56.54	
1626527539.2947664	1	4511	56.54	
1626527539.3189492	1	4511	56.54	
1626527539.3499	1	4511	56.54	
1626527539.3730087	1	4511	56.54	
1626527539.3963802	1	4511	56.54	
1626527539.422496	1	4511	56.54	
1626527539.4664133	1	4511	56.54	
1626527539.5000722	1	4511	56.54	
1626527539.540611	1	4511	56.54	
1626527539.5642126	1	4511	56.54	
1626527539.589179	1	4511	56.54	
1626527539.6178937	1	4511	56.54	
1626527539.641848	1	4511	56.54	
1626527539.6651788	1	4511	56.54	
1626527539.6900017	1	4511	56.54	
1626527539.7192535	1	4511	56.54	
1626527539.742712	1	4511	56.54	
1626527539.765854	1	4511	56.54	
1626527539.7899842	1	4511	56.54	
1626527539.8155377	1	4511	56.54	
1626527539.8440886	1	4511	56.54	
1626527539.8673296	1	2787	34.93	
1626527539.8913994	1	2649	33.2	
1626527539.9167867	1	2583	32.37	
1626527539.9405727	1	2583	32.37	
1626527539.964131	1	2583	32.37	
1626527539.9888709	1	2583	32.37	
1626527540.0121794	1	2583	32.37	
1626527540.038584	1	2583	32.37	
1626527540.0634093	77	2583	32.37	
1626527540.0864232	77	2581	32.35	
1626527540.1100147	77	2581	32.35	
1626527540.1358893	77	2581	32.35	
1626527540.1702945	77	2581	32.35	
1626527540.2089758	77	2581	32.35	
1626527540.3212407	77	1734	21.73	
1626527540.3441195	77	1734	21.73	
1626527540.367759	77	1734	21.73	
1626527540.3924794	77	1734	21.73	
1626527540.4161768	77	1734	21.73	
1626527540.442869	77	1734	21.73	
1626527540.4716437	77	1734	21.73	
1626527540.5099103	77	1734	21.73	
1626527540.5325265	77	1734	21.73	
1626527540.5560074	77	1734	21.73	
1626527540.5795057	77	1734	21.73	
1626527540.6070619	77	1734	21.73	
1626527540.6372201	77	1734	21.73	
1626527540.6680517	77	1734	21.73	
1626527540.7000914	77	1734	21.73	
1626527540.7377086	77	1734	21.73	
1626527540.7755396	77	1734	21.73	
1626527540.8135383	77	1734	21.73	
1626527540.8522604	77	1734	21.73	
1626527540.8823376	77	1734	21.73	
1626527540.907999	77	1734	21.73	
1626527540.9365451	77	1734	21.73	
1626527540.9709344	77	1734	21.73	
1626527541.004896	77	1734	21.73	
1626527541.039399	77	1734	21.73	
1626527541.0775402	2	1734	21.73	
1626527541.1154838	2	1734	21.73	
1626527541.1533544	2	1734	21.73	
1626527541.1930418	2	1734	21.73	
1626527541.2313144	2	1734	21.73	
1626527541.270521	2	1734	21.73	
1626527541.31023	2	1734	21.73	
1626527541.3492827	2	1734	21.73	
1626527541.3874836	2	1734	21.73	
1626527541.426162	2	1734	21.73	
1626527541.4641433	2	1734	21.73	
1626527541.5020883	2	1734	21.73	
1626527541.5316052	2	1734	21.73	
1626527541.5555773	2	1734	21.73	
1626527541.5823553	2	1734	21.73	
1626527541.6188529	2	1734	21.73	
1626527541.664421	2	1734	21.73	
1626527541.6976857	2	1734	21.73	
1626527541.73754	2	1734	21.73	
1626527541.7774837	2	1734	21.73	
1626527541.8171604	2	1734	21.73	
1626527541.8530765	2	1734	21.73	
1626527541.8971052	2	1734	21.73	
1626527541.9480453	2	1734	21.73	
1626527541.9762092	2	1734	21.73	
1626527542.0028381	2	1734	21.73	
1626527542.0292995	2	1734	21.73	
1626527542.0598354	2	1734	21.73	
1626527542.0862567	0	1734	21.73	
1626527542.113165	0	1734	21.73	
1626527542.1471717	0	1734	21.73	
1626527542.1848338	0	1734	21.73	
1626527542.223948	0	1734	21.73	
1626527542.2652388	0	1734	21.73	
1626527542.304412	0	1734	21.73	
1626527542.3441331	0	1734	21.73	
1626527542.3834145	0	1734	21.73	
1626527542.4168704	0	1734	21.73	
1626527542.4547455	0	1734	21.73	
1626527542.4930186	0	1734	21.73	
1626527542.5266368	0	1734	21.73	
1626527542.549892	0	1734	21.73	
1626527542.5752132	0	1734	21.73	
1626527542.6050916	0	1734	21.73	
1626527542.633538	0	1734	21.73	
1626527542.6657622	0	1734	21.73	
1626527542.694248	0	1734	21.73	
1626527542.724111	0	1734	21.73	
1626527542.752712	0	1734	21.73	
1626527542.7812943	0	1734	21.73	
1626527542.8116488	0	1734	21.73	
1626527542.840107	0	1734	21.73	
1626527542.9020615	0	1734	21.73	
1626527542.9314008	0	1734	21.73	
1626527542.9611602	0	1734	21.73	
1626527542.9839852	0	1734	21.73	
1626527543.008107	0	1734	21.73	
1626527543.0357697	0	1734	21.73	
1626527543.0595303	0	1734	21.73	
1626527543.0833037	0	1734	21.73	
1626527543.1109328	0	1734	21.73	
1626527543.138926	0	1734	21.73	
1626527543.1626039	0	1734	21.73	
1626527543.1876578	0	1734	21.73	
1626527543.2204907	0	1734	21.73	
1626527543.2611787	0	1734	21.73	
1626527543.301315	0	1734	21.73	
1626527543.3354764	0	1734	21.73	
1626527543.367843	0	1734	21.73	
1626527543.4012377	0	1734	21.73	
1626527543.4348314	0	1734	21.73	
1626527543.4671626	0	1734	21.73	
1626527543.5017302	0	1734	21.73	
1626527543.5354254	0	1734	21.73	
1626527543.5635276	0	1734	21.73	
1626527543.5875597	0	1734	21.73	
1626527543.6138537	0	1734	21.73	
1626527543.6444933	0	1734	21.73	
1626527543.684476	0	1734	21.73	
1626527543.7241628	0	1734	21.73	
1626527543.7628915	0	1734	21.73	
1626527543.80256	0	1734	21.73	
1626527543.8349066	0	1734	21.73	
1626527543.8673651	0	1734	21.73	
1626527543.9024253	0	1734	21.73	
1626527543.9357243	0	1734	21.73	
1626527543.969092	0	1734	21.73	
1626527544.0024834	0	1734	21.73	
1626527544.0375054	0	1734	21.73	
1626527544.0714135	0	1734	21.73	
1626527544.1051712	0	1734	21.73	
1626527544.139667	0	1734	21.73	
1626527544.173345	0	1734	21.73	
1626527544.2073164	0	1734	21.73	
1626527544.2411795	0	1734	21.73	
1626527544.2747808	0	1734	21.73	
1626527544.3084598	0	1734	21.73	
1626527544.3424525	0	1734	21.73	
1626527544.3761451	0	1734	21.73	
1626527544.407782	0	1734	21.73	
1626527544.4319217	0	1734	21.73	
1626527544.4574962	0	1734	21.73	
1626527544.4882047	0	1734	21.73	
1626527544.516212	0	1734	21.73	
1626527544.5412378	0	1734	21.73	
1626527544.5652807	0	1734	21.73	
1626527544.589364	0	1734	21.73	
1626527544.6137705	0	1734	21.73	
1626527544.6381164	0	1734	21.73	
1626527544.6627529	0	1734	21.73	
1626527544.6877677	0	1734	21.73	
1626527544.7133214	0	1734	21.73	
1626527544.7393923	0	1734	21.73	
1626527544.7663183	0	1734	21.73	
1626527544.7928858	0	1734	21.73	
1626527544.819568	0	1734	21.73	
1626527544.8456643	0	1734	21.73	
1626527544.871996	0	1734	21.73	
1626527544.8983011	0	1734	21.73	
1626527544.9246693	0	1734	21.73	
1626527544.9510477	0	1734	21.73	
1626527544.9775023	0	1734	21.73	
1626527545.004247	0	1734	21.73	
1626527545.030412	0	1734	21.73	
1626527545.0568867	0	1734	21.73	
1626527545.0832896	0	1734	21.73	
1626527545.1096377	0	1734	21.73	
1626527545.136371	0	1734	21.73	
1626527545.1610749	0	1734	21.73	
1626527545.1878822	0	1734	21.73	
1626527545.2162774	0	1734	21.73	
1626527545.2493832	0	1734	21.73	
1626527545.2879272	0	1734	21.73	
1626527545.3271189	0	1734	21.73	
1626527545.366177	0	1734	21.73	
1626527545.405108	0	1734	21.73	
1626527545.444195	0	1734	21.73	
1626527545.482525	0	1734	21.73	
1626527545.5168316	0	1734	21.73	
1626527545.5406146	0	1734	21.73	
1626527545.5643904	0	1734	21.73	
1626527545.5883934	0	1734	21.73	
1626527545.6122673	0	1734	21.73	
1626527545.6368196	0	1734	21.73	
1626527545.6620045	0	1734	21.73	
1626527545.6870046	0	1734	21.73	
1626527545.7241893	0	1734	21.73	
1626527545.7491586	0	1734	21.73	
1626527545.7745156	0	1734	21.73	
1626527545.8000135	0	1734	21.73	
1626527545.8251657	0	1734	21.73	
1626527545.8504977	0	1734	21.73	
1626527545.8756242	0	1734	21.73	
1626527545.902683	0	1734	21.73	
1626527545.928317	0	1734	21.73	
1626527545.954631	0	1734	21.73	
1626527545.9807475	0	1734	21.73	
1626527546.0073771	0	1734	21.73	
1626527546.0339851	0	1734	21.73	
1626527546.0603054	0	1734	21.73	
1626527546.0868635	0	1734	21.73	
1626527546.1129453	0	1734	21.73	
1626527546.139584	0	1734	21.73	
1626527546.1638303	0	1734	21.73	
1626527546.190428	0	1734	21.73	
1626527546.2182615	0	1734	21.73	
